27381
15096
62087
52803
26669
46626
54299
46339
27358
55454
30122
59596
13587
40972
5370
3213
58672
7140
58521
22550
27081
22700
10155
42514
41502
31714
31969
14185
22051
27934
11509
19726
23499
27918
38493
52952
30159
47781
18797
6207
5898
21459
58682
17636
57710
12941
7483
11348
57940
51643
18820
45606
27353
2404
50365
57971
14835
31168
9856
59525
1281
32341
55821
38101
12250
33169
42381
34644
37243
62425
11259
64728
24694
17449
58023
34839
51350
57244
5880
17810
64135
4197
3008
3578
43240
64372
43424
9161
56786
16946
60230
19485
23692
58318
58736
22193
31623
4549
2859
13037
43103
51884
30146
31674
6568
31220
23470
58486
12975
54740
14154
15577
1252
54513
17280
65239
63429
46887
63870
27068
27712
60653
38945
25137
33105
32405
2645
18144
60984
28352
17349
8731
2326
6952
13507
50411
43039
16030
49793
14952
29029
9078
37738
40098
60476
28074
9578
61053
16367
1701
